12345678987654321000
12345678987654321000
12345678987654321000
12345678987654321000
12345678987654321000
12345678987654321000
12345678987654321000
12345678987654321000
12345678987654321000
12345678987654321000
12345678987654321000
12345678987654321000
12345678987654321000
12345678987654321000
12345678987654321000
12345678987654321000
12345678987654321000
12345678987654321000
12345678987654321000
12345678987654321000
12345678987654321000
12345678987654321000
12345678987654321000
12345678987654321000
12345678987654321000
12345678987654321000
12345678987654321000
12345678987654321000
12345678987654321000
12345678987654321000
12345678987654321000
12345678987654321000
12345678987654321000
12345678987654321000
12345678987654321000
12345678987654321000
12345678987654321000
12345678987654321000
12345678987654321000
12345678987654321000
12345678987654321000
12345678987654321000
12345678987654321000
12345678987654321000
12345678987654321000